2029182132
2036272801
2052633119
2052700518
2052763651
2053180441
2053370582
2054055467
2054787222
2054964064
2055445838
2055588942
2056624292
2056886454
2058000074
2058321290
2059268911
2083392774
2086179718
2086857600
2089417397
2097640585
2105525181
2107758139
2109330737
2109443591
2132199901
2148179718
2148789902
2165513041
2176536094
2252481573
2255055056
2282167327
2282368570
2282616358
2292066862
2316329791
2393918529
2512531288
2512535064
2513952389
2514421597
2515036407
2515138727
2515330986
2515933830
2516230375
2516432117
2516808648
2517449975
2522307000
2522669486
2523144692
2523190718
2523265242
2523435943
2523619639
2523965121
2524708299
2525259141
2525294289
2527143276
2527676802
2529084968
2529089029
2529437800
2532092999
2536534422
2544159049
2546005854
2562423026
2562900029
2563351665
2563396877
2564178929
2564602905
2564730119
2564977799
2565573805
2565669741
2565977346
2566535936
2566800156
2566900700
2567957802
2568003672
2568035940
2569448333
2604711877
2607022852
2609181751
2627545620
2679163060
2702026763
2702187825
2702255240
2703161220
2705010206
2705078345
2705352269
2705704503
2705706613
2706178285
2706352135
2707046020
2707761129
2707804987
2707846893
2708235792
2709321982
2709525827
2709967069
2742004836
2812540616
2817867050
3049404625
3049740062
3053051677
3053163544
3053898409
3054973106
3055467695
3055890347
3057358570
3078808231
3083677857
3092133426
3108971499
3135907708
3142246081
3142433711
3142769231
3142878551
3143196169
3143228606
3143911376
3144387134
3144797508
3144844915
3145469061
3145688004
3145851192
3146294163
3146597300
3146619622
3146806413
3146883279
3147243821
3147689360
3148605005
3148993279
3149108099
3149132574
3149737530
3159205046
3166400803
3166656394
3175026813
3175039234
3178339881
3204597634
3212080066
3212084088
3212304679
3212363858
3213348521
3213966926
3216325323
3218319802
3233953628
3306922837
3342014858
3342070655
3342072413
3342129171
3343036361
3343500588
3344564277
3344765829
3345893065
3346544325
3346635857
3347285602
3347859855
3347917490
3348058744
3348405109
3362123462
3362132322
3362233068
3362596084
3362606054
3362632235
3362646132
3363475199
3364626262
3364676650
3364916279
3365017843
3365204913
3365659170
3365771055
3366090445
3367571308
3368168225
3368178722
3368259921
3368705384
3368705914
3369298444
3369657011
3369657278
3369771312
3369973400
3374242306
3463208115
3463420085
3464106513
3464937583
3465633545
3469223964
3479246121
3522673715
4023790244
4024477663
4042078729
4043387977
4044091100
4044688651
4045488838
4047130270
4047135955
4049567064
4054828181
4074669257
4075806291
4096733275
4105707791
4109167353
4122084738
4122548480
4124206848
4125690419
4126126255
4128498609
4132794388
4135637380
4149080535
4152361006
4165241125
4172363874
4172376893
4172969997
4173406165
4174196631
4174395791
4175264920
4175597069
4176040353
4176354189
4176697570
4176861694
4178484271
4178723306
4179734325
4232022961
4232237481
4233041081
4233106685
4233332731
4234802610
4236377885
4236506424
4237162974
4237199319
4237415919
4237600106
4243327115
4302935503
4303330100
4322136562
4322273944
4324131779
4324440215
4358496080
4433548718
4699243015
4702348226
4702830433
4704836109
4706401283
4708308657
4782067966
4792700050
4793304250
4793412141
4794223363
4794306580
4794319017
4795953107
4796523257
4797744118
4798564937
4845219693
5012887528
5012922755
5014383787
5014718629
5015364919
5016134606
5016473997
5016696145
5017652371
5017869196
5022032516
5022077787
5022078810
5022373777
5022606684
5022772193
5022952062
5022960897
5022962902
5023097142
5023213715
5023566666
5023650682
5023815490
5023898625
5024170748
5024180845
5024191773
5024579818
5024820078
5024986079
5025464970
5025465535
5025481784
5025942807
5025996926
5026315334
5027021597
5027126628
5027150394
5027417817
5028302163
5028350045
5028763594
5028768226
5029024785
5029363308
5029380685
5029395759
5029564577
5029996212
5043520035
5044787358
5053218107
5057580173
5087287404
5122644686
5133102262
5135050094
5136046236
5138312600
5165215385
5167579922
5169893846
5572138897
5572187619
5593621225
5612312023
5612425780
5612918209
5614234884
5616032659
5617240009
5618868780
5618926734
5619645033
5619781874
5623604986
5732014234
5732059912
5732103002
5732104204
5732399427
5732581715
5732684832
5732741901
5732910137
5732918289
5733532849
5733973452
5734121505
5734133439
5734292740
5735017582
5735415509
5736207139
5737198131
5737729007
5738225860
5738546124
5738729712
5739449396
6012121473
6012149872
6013164284
6013391118
6014794634
6015000586
6015413141
6015419708
6015499501
6015515272
6015945511
6015964363
6016001825
6016027066
6016415294
6016683191
6017203961
6017303668
6017450415
6017610270
6018624655
6018769972
6018803289
6019378486
6027088685
6062224549
6062722827
6063108746
6063398276
6064958280
6066064011
6066225112
6067673258
6073165878
6082347935
6094136475
6152028099
6152029638
6152102164
6152257488
6152601029
6152756516
6152907826
6152947942
6152952139
6153185129
6153190389
6153476885
6153643685
6153644999
6153756129
6154984775
6155060778
6155572080
6155690097
6155737921
6155742416
6155936866
6156026260
6156068712
6156170724
6156172455
6156362443
6156453441
6156519772
6156630613
6156685753
6157391466
6157666681
6157698400
6158103898
6158369916
6158381917
6159061283
6159193057
6159252692
6159280306
6159350370
6159552030
6159563472
6159741516
6164666915
6169293900
6169657277
6172766462
6187509234
6194539324
6233872336
6292509098
6293317882
6293451110
6297773945
6318073088
6362906897
6362950468
6363429806
6412422456
6467755527
6580630315
6592529000
6592732358
6593053537
6597463468
6602160376
6602164365
6602382189
6603411513
6603412659
6603421368
6603597191
6604228111
6606510456
6606768358
6608864474
6623055663
6623514223
6624029257
6624186422
6624915052
6625079160
6625603290
6625873054
6626171639
6626337256
6626477677
6627398778
6628037209
6628043376
6628792213
6782162373
6782238016
6783308597
6783320061
6786686501
6786977204
6787328513
6788548782
6788994699
6789084006
6822279319
6822705857
6823011511
6824030967
6824101293
6824362206
7017998907
7024806714
7027439289
7028317523
7034980564
7036069210
7039967396
7042073584
7042080473
7042233407
7042495663
7042670232
7043085624
7043479497
7044003457
7044189083
7044218228
7044374887
7044411005
7045061318
7045501430
7046086855
7046316430
7046704037
7046897808
7046924854
7047059552
7047106061
7047464936
7047635214
7047713125
7048391597
7048519712
7048907008
7048912389
7049152202
7049239113
7049538446
7049549925
7065360344
7065511666
7068080880
7068718373
7076714076
7077170202
7083148267
7086546899
7087697795
7088877482
7132109768
7133771679
7148583811
7187535957
7188104058
7203232877
7208121239
7208774342
7272942750
7274549027
7312256760
7312298080
7312866624
7312986457
7313619730
7314201757
7314321727
7314877017
7318037508
7325227037
7403792233
7542598420
7545441424
7573925477
7576008562
7577240195
7579023587
7602711860
7603146886
7655893997
7692407493
7692627270
7692634096
7693598753
7702878485
7703656980
7704079879
7705455763
7705468745
7708426626
7708450156
7727137171
7733787075
7736792063
7742258312
7757509655
7818566547
7862127830
7862743142
7863595826
7865147286
7866840328
7867179210
7867472142
7867603111
7868122642
7868190007
7868268434
7868725545
7869194485
7869285366
7869737179
8002610951
8003955863
8005315750
8005803101
8007221849
8032303466
8032614771
8032622951
8033082711
8033363644
8033469226
8033783965
8033972899
8034126762
8034227997
8034319615
8034402928
8034471035
8034678500
8034679671
8035074468
8035175405
8035299491
8035665468
8036274160
8036701627
8036790556
8037156848
8037240287
8037270480
8037459244
8037628730
8038426148
8038919012
8039840225
8039841919
8044314718
8053427266
8136475242
8136974621
8152630514
8162672555
8162782799
8163108723
8163271956
8163377821
8163499210
8164160046
8164333301
8164334528
8164574967
8165178058
8165504486
8165507725
8166053899
8166251120
8166634526
8166653683
8167152687
8167169725
8167189094
8167386342
8167499236
8167853123
8167873132
8168019358
8168205007
8168248598
8168538595
8169081320
8169167362
8169910237
8172863306
8175590530
8185174886
8282380052
8283901024
8284899731
8285211939
8285581037
8285788960
8287132529
8304809011
8322330634
8322678440
8324049689
8325065788
8327084288
8327779676
8329896564
8329924812
8392283499
8433275500
8433449784
8434125318
8434307302
8434426783
8434523280
8434593443
8434891959
8435367273
8435408724
8435994849
8436030944
8436141997
8436976347
8436986306
8437354209
8437428089
8437730822
8438090706
8438341516
8438709417
8439101154
8439253782
8439983268
8444420362
8542040529
8542527077
8542853373
8562855664
8592210890
8592499602
8592741070
8593965182
8594086261
8594209308
8596291930
8596528992
8596690180
8596992024
8597874082
8598141196
8598663434
8599389400
8599913029
8602659487
8609679520
8623065616
8632626504
8642767740
8643497108
8643858546
8644191705
8644233028
8644308401
8644363072
8645252365
8645908342
8646020658
8646129781
8646178257
8646816526
8647047037
8648678376
8649141420
8649677069
8649786334
8652103635
8652167806
8653155665
8653189417
8653670698
8653845395
8654161125
8654750993
8655050505
8655665465
8657483638
8658033013
8662293776
8665788847
8668370055
8703078145
8703513072
8704152247
8704152974
8704766122
8705406899
8705846835
8706232435
8706751979
8706800333
8707234693
8707994151
8708406333
8708850259
8709046021
8709492344
8776702837
8887438275
9012206005
9012327466
9012334413
9012621238
9012920693
9012972329
9013039115
9013159242
9013352939
9013368385
9013437799
9013510395
9013611677
9013784975
9013994310
9014034268
9014398226
9014673722
9014675736
9014798240
9014898502
9014975456
9015129269
9015136698
9015705900
9015852429
9016265991
9016502026
9016564140
9016729262
9016747301
9017134288
9017157167
9017216980
9017380203
9017648218
9018302120
9019078272
9032924010
9075212472
9079034291
9084515258
9088099233
9095204092
9102063287
9102064010
9102073697
9102349158
9102578622
9102632267
9102713959
9103028652
9103309395
9103320820
9103749460
9104343314
9104457095
9104718049
9104892108
9104993378
9105081695
9105324447
9105360402
9105405969
9105447022
9106003007
9106339445
9107349734
9107367879
9107890624
9108407610
9108504977
9109009563
9109351245
9122450837
9123802410
9125012094
9133152503
9133886558
9136710658
9154872926
9165082359
9172456859
9176039851
9192011990
9192086511
9192594967
9193217370
9193683114
9193954779
9193955243
9194230627
9195197556
9195918416
9196335463
9197104195
9197450703
9198107481
9198125700
9198304755
9199211944
9199397333
9199465214
9199953536
9292620036
9293403705
9294541191
9312243264
9312248414
9312338891
9312374105
9312378435
9312793899
9313022841
9313076324
9313602087
9313688433
9316752441
9317035043
9317220698
9317872213
9317970485
9319333965
9319815463
9362216964
9365813026
9382564840
9526987886
9544646731
9546755708
9565291387
9567401982
9569877240
9713819241
9723473001
9724156902
9727862386
9735184647
9738565981
9792484041
9802389971
9802405993
9802441569
9802537465
9802552497
9803695652
9803805899
9803964499
9804751494
9805253440
9805291424
9805353868
9806668219
9807459435
9843044253
9843666446
9843853090
9845140628
9846987938